6

O         -1.62893       -0.04138        0.37137
H         -0.69803       -0.09168        0.09337
H         -2.06663       -0.73498       -0.13663
O          1.21457        0.03172       -0.27623
H          1.44927        0.91672       -0.58573
H          1.72977       -0.08038        0.53387

[[ 73.51669472   8.22347105   8.29237637  21.93863178   2.37887657   2.37893108   0.           0.           0.        ]
 [  8.22347105   0.5          0.65374827   4.09859382   0.40525556   0.40527433   0.           0.           0.        ]
 [  8.29237637   0.65374827   0.5          2.37214479   0.25572724   0.25573253   0.           0.           0.        ]
 [ 21.93863178   4.09859382   2.37214479  73.51669472   8.27739069   8.27668134   0.           0.           0.        ]
 [  2.37887657   0.40525556   0.25572724   8.27739069   0.5          0.65562948   0.           0.           0.        ]
 [  2.37893108   0.40527433   0.25573253   8.27668134   0.65562948   0.5          0.           0.           0.        ]
 [  0.           0.           0.           0.           0.           0.           0.           0.           0.        ]
 [  0.           0.           0.           0.           0.           0.           0.           0.           0.        ]
 [  0.           0.           0.           0.           0.           0.           0.           0.           0.        ]]

[[ 21.93863178  73.51669472   4.09859382   2.37214479   8.27668134   8.27739069   0.           0.           0.        ]
 [ 73.51669472  21.93863178   8.22347105   8.29237637   2.37893108   2.37887657   0.           0.           0.        ]
 [  2.37887657   8.27739069   0.40525556   0.25572724   0.65562948   0.5          0.           0.           0.        ]
 [  8.22347105   4.09859382   0.5          0.65374827   0.40527433   0.40525556   0.           0.           0.        ]
 [  2.37893108   8.27668134   0.40527433   0.25573253   0.5          0.65562948   0.           0.           0.        ]
 [  8.29237637   2.37214479   0.65374827   0.5          0.25573253   0.25572724   0.           0.           0.        ]
 [  0.           0.           0.           0.           0.           0.           0.           0.           0.        ]
 [  0.           0.           0.           0.           0.           0.           0.           0.           0.        ]
 [  0.           0.           0.           0.           0.           0.           0.           0.           0.        ]]

[1 1 0 0 1 1 0 0 0 1 1 1 1 0 0 0 0 0 0 1 0 0 0 0 0 0 0 1 0 0 0 0 0 0 0 0 0 1 0 0 0 0 0 0 0 1 0 0 0 0 0 0 0 0 0 0 0 0 0 0 0 0 0 0 0 0 0 0 0 0 0 0 0 0 0
 0 0 0 0 0 0 1 1 1 0 1 1 0 0 0 1 1 1 1 0 0 0 0 0 0 1 0 0 0 0 0 0 0 1 1 0 0 0 0 0 0 0 0 1 0 0 0 0 0 0 0 1 0 0 0 0 0 0 0 0 0 0 0 0 0 0 0 0 0 0 0 0 0 0 0
 0 0 0 0 0 0 0 0 0 0 0 0 1 1 1 0 1 1 0 0 0 1 1 1 1 0 0 0 0 0 0 1 0 0 0 0 0 0 0 1 1 0 0 0 0 0 0 0 0 1 0 0 0 0 0 0 0 1 0 0 0 0 0 0 0 0 0 0 0 0 0 0 0 0 0
 0 0 0 0 0 0 0 0 0 0 0 0 0 0 0 0 0 0 1 1 1 1 1 1 0 0 0 1 1 1 1 1 1 0 0 0 1 1 0 0 0 0 0 0 0 1 1 0 0 0 0 0 0 0 1 1 0 0 0 0 0 0 0 1 1 0 0 0 0 0 0 0 0 0 0
 0 0 0 0 0 0 0 0 0 0 0 0 0 0 0 0 0 0 0 0 0 0 0 0 1 1 1 1 1 1 0 0 0 1 1 1 1 1 1 0 0 0 1 1 0 0 0 0 0 0 0 1 1 0 0 0 0 0 0 0 1 1 0 0 0 0 0 0 0 1 1 0 0 0 0
 0 0 0 0 0 0 0 0 0 0 0 0 0 0 0 0 0 0 0 0 0 0 0 0 0 0 0 0 0 0]